%
% This script defines bus coordinates
%
% Copyright 2018 The MathWorks, Inc.
%


% node-number X-coord Y-ccord

node_XY_data = [    1.0000  187.2699  589.6655
                    2.0000  178.5088  529.4255
                    3.0000  184.8805  684.5891
                    4.0000  185.6770  716.5345
                    5.0000  229.4823  686.4145
                    6.0000  276.4735  687.3273
                    7.0000  227.0929  583.2764
                    8.0000  278.0664  571.4109
                    9.0000  261.3407  511.1709
                    10.0000  203.1991  507.5200
                    11.0000  130.7212  482.8764
                    12.0000  250.9867  613.3964
                    13.0000  327.4469  564.1091
                    14.0000  191.2522  471.9236
                    15.0000  361.6947  664.5091
                    16.0000  375.2345  708.3200
                    17.0000  403.1106  645.3418
                    18.0000  266.9159  368.7855
                    19.0000  207.1814  382.4764
                    20.0000  142.6681  397.9927
                    21.0000  249.3938  306.7200
                    22.0000  131.5177  335.9273
                    23.0000  226.2965  233.7018
                    24.0000  133.1106  261.0836
                    25.0000  212.7566  184.4145
                    26.0000  148.2434  197.1927
                    27.0000   78.1549  213.6218
                    28.0000  201.6062  143.3418
                    29.0000  186.4735  100.4436
                    30.0000  235.0575   94.0545
                    31.0000  130.7212  144.2545
                    32.0000  119.5708   98.6182
                    33.0000   66.2080  139.6909
                    34.0000  344.9690  610.6582
                    35.0000  356.1195  345.9673
                    36.0000  444.5265  371.5236
                    37.0000  361.6947  397.0800
                    38.0000  499.4823  354.1818
                    39.0000  545.6770  341.4036
                    40.0000  344.1726  305.8073
                    41.0000  416.6504  284.8145
                    42.0000  333.0221  269.2982
                    43.0000  422.2257  239.1782
                    44.0000  320.2788  229.1382
                    45.0000  379.2168  210.8836
                    46.0000  438.1549  190.8036
                    47.0000  302.7566  177.1127
                    48.0000  254.9690  190.8036
                    49.0000  364.8805  161.5964
                    50.0000  419.0398  143.3418
                    51.0000  469.2168  129.6509
                    52.0000  455.6770  540.3782
                    53.0000  507.4469  532.1636
                    54.0000  548.0664  525.7745
                    55.0000  587.8894  521.2109
                    56.0000  631.6947  513.9091
                    57.0000  524.9690  453.6691
                    58.0000  479.5708  468.2727
                    59.0000  419.8363  480.1382
                    60.0000  638.0664  429.9382
                    61.0000  657.9779  483.7891
                    62.0000  634.8805  322.2364
                    63.0000  619.7478  263.8218
                    64.0000  602.2257  217.2727
                    65.0000  536.9159  241.0036
                    66.0000  550.4558  285.7273
                    67.0000  771.0752  414.4218
                    68.0000  809.3053  390.6909
                    69.0000  845.1460  366.9600
                    70.0000  880.9867  346.8800
                    71.0000  923.1991  317.6727
                    72.0000  788.5973  474.6618
                    73.0000  830.0133  450.9309
                    74.0000  872.2257  425.3745
                    75.0000  913.6416  400.7309
                    76.0000  806.9159  543.1164
                    77.0000  833.9956  526.6873
                    78.0000  864.2611  514.8218
                    79.0000  890.5442  496.5673
                    80.0000  869.0398  563.1964
                    81.0000  872.2257  619.7855
                    82.0000  874.6150  683.6764
                    83.0000  925.5885  684.5891
                    84.0000  930.3673  581.4509
                    85.0000  927.9779  468.2727
                    86.0000  816.4735  648.9927
                    87.0000  730.4558  655.3818
                    88.0000  720.8982  611.5709
                    89.0000  659.5708  662.6836
                    90.0000  655.5885  614.3091
                    91.0000  590.2788  672.7236
                    92.0000  583.1106  624.3491
                    93.0000  528.1549  676.3745
                    94.0000  513.0221  567.7600
                    95.0000  476.3850  680.9382
                    96.0000  464.4381  607.0073
                    97.0000  743.9956  354.1818
                    98.0000  772.6681  331.3636
                    99.0000  807.7124  309.4582
                    100.0000  860.2788  268.3855
                    101.0000  723.2876  290.2909
                    102.0000  764.7035  264.7345
                    103.0000  813.2876  232.7891
                    104.0000  854.7035  205.4073
                    105.0000  707.3584  242.8291
                    106.0000  751.1637  215.4473
                    107.0000  813.2876  177.1127
                    108.0000  691.4292  194.4545
                    109.0000  733.6416  167.9855
                    110.0000  789.3938  134.2145
                    111.0000  715.3230  131.4764
                    112.0000  836.3850  131.4764
                    113.0000  890.5442  131.4764
                    114.0000  945.5000  132.3891
                    135.0000  313.9071  356.9200
                    149.0000  135.5000  589.6655
                    150.0000   47.8894  588.7527
                    151.0000  596.6504  119.6109
                    152.0000  396.7389  552.2436
                    160.0000  692.2257  421.7236
                    195.0000  475.5885  722.0109
                    197.0000  733.0000  320.0000
                    250.0000  280.4558   87.6655
                    251.0000  281.2522  121.4364
                    300.0000  662.7566  116.8727
                    350.0000  688.2434   92.2291
                    450.0000  900.1018  242.8291
                    451.0000  939.9248  213.6218
                    610.0000  725.6770  471.9236];

                
node_XY_data(:,2:3) = 6*node_XY_data(:,2:3);
                